"Dim.1" "Dim.2" "Dim.3" "Dim.4" "Dim.5"
"Mud" 1.79430086895223 2.60316416873591 0.465004116172434 0.169171193968428 -0.0318160438911241
"Sand" -2.08473736658993 -2.41249214268924 -0.466699560316189 -0.110554748485272 0.087035647838621
"Macrophytes" 2.29136211432325 1.28270101547022 -0.313468464883473 -0.0213523368110861 -0.14660367915503
"Grass" 3.26701048341421 1.13143110553661 -0.142707736307883 -0.206375883806341 -0.0820224123938429
"Overhanging veg" -3.33771713448745 1.08061890686487 0.140646732410786 0.297682226771459 -0.0435699130063585
"Leaf litter" -1.09401755649021 2.3080680318784 -0.15378230451836 0.470823888413459 0.0150322969241429
"Root masses" -2.26976855268952 -0.254511862689727 0.360607663520602 0.264995637614169 -0.161320633017613
"pH" 0.585124201699594 -2.44202566908173 -0.188464485415208 0.174616969716037 0.0232496416010001
"Water velocity" -2.8436357832066 -1.66812547659781 0.396644356160899 -0.00259656296591158 -0.162503984553041
"Elevation" -1.13848857516495 3.39684676819101 -0.182913770517824 -0.103319744758569 -0.0853684499077223
"Slope" -2.47014084555047 -0.0235972145916151 0.00956231613711047 0.115519792901475 -0.46172378379206
"Depth maximum" 3.02581791662691 -1.66357870342647 0.127564978092177 0.202281898969561 -0.151626121669851
"Width" 3.14454526987496 -0.110232897215462 0.194018516723723 -0.145604956708862 0.218237203305407
