 [1] "w.Cond_uS.cm"   "w.Turb_ntu"     "w.pH"           "m.Elev_m"       "m.Vel_m.s"     
 [6] "m.Slope"        "m.Depth_avg_cm" "m.Depth_mar_cm" "s.Mud"          "s.Sand"        
[11] "s.Gravel_f"     "s.Rocks"        "h.Macrophytes"  "h.Grass"        "h.Subm_veg"    
[16] "h.Overh_veg"    "h.Leaf_l"       "h.Algae_f"      "h.Algae_a"      "h.Root_masses" 
[21] "h.Debris_l"     "h.Debris_s"    
 [1] "w.Cond_uS.cm"   "w.Turb_ntu"     "w.pH"           "m.Elev_m"       "m.Vel_m.s"     
 [6] "m.Slope"        "m.Depth_avg_cm" "m.Depth_mar_cm" "s.Mud"          "s.Sand"        
[11] "s.Gravel_f"     "s.Rocks"        "h.Macrophytes"  "h.Grass"        "h.Subm_veg"    
[16] "h.Overh_veg"    "h.Leaf_l"       "h.Root_masses"  "h.Algae"        "h.Debris"      
           w.Cond_uS.cm w.Turb_ntu w.pH m.Elev_m  m.Vel_m.s m.Slope m.Depth_avg_cm
S-B-P05-H1       134.00       6.85 6.33  107.070 0.02500000     1.5      13.666667
S-B-P05-H2       164.40      10.70 7.46  107.070 0.02500000     1.0      13.666667
S-B-P05-H3       140.90       4.62 7.15  107.070 0.02500000     1.0      13.666667
S-B-P06-H1       154.10       2.14 6.83  112.840 0.03521954     2.5      20.333333
S-B-P06-H2       156.80       2.12 7.73  112.840 0.03521954     2.5      20.333333
S-B-P06-H3       134.10      14.10 5.87  112.840 0.03521954     2.5      28.333333
S-B-P07-H1        98.28       1.51 5.76   89.047 0.02218033     2.5      16.000000
S-B-P07-H2       160.20       9.25 6.05   89.047 0.10842627     1.5      20.333333
S-B-P07-H3       128.50       2.52 4.55   89.047 0.08722741     2.5      22.666667
S-B-P08-H1       161.30       6.26 6.00   89.059 0.00000000     2.0      51.333333
S-B-P08-H2       161.80       6.80 5.93   89.059 0.00000000     2.0      51.333333
S-B-P08-H3       158.80       6.13 5.87   89.059 0.11475410     2.0      30.000000
S-B-P09-H1       165.50      17.20 6.59   71.023 0.28000000     3.0      15.666667
S-B-P09-H2       163.20      17.70 6.59   71.023 0.25000000     3.0      15.000000
S-B-P09-H3       161.20      17.50 6.59   71.023 0.34782609     2.0      19.666667
S-B-P10-H1       155.20      24.20 7.26   41.474 0.02197802     1.5      40.666667
S-B-P10-H2       157.90      34.80 6.71   41.474 0.02197802     2.0      40.666667
S-B-P10-H3       149.70      29.90 6.61   41.474 0.02197802     1.0      40.666667
S-C-P12-H1       120.20       8.00 6.44   80.000 0.18775817     1.0       5.333333
S-C-P12-H2       122.80       2.00 6.07   80.000 0.05516100     1.5       7.000000
S-C-P12-H3       129.80      10.00 5.80   80.000 0.11056705     1.5      17.000000
S-C-P13-H1       115.20      10.00 6.01   87.000 0.25179856     1.0      12.666667
S-C-P13-H2       122.40       8.00 6.00   87.000 0.21067416     2.0      10.333333
S-C-P13-H3       111.40       2.00 6.19   87.000 0.02132196     2.0      25.000000
S-C-P14-H1       145.70       7.00 5.99   76.000 0.04695571     3.5      16.333333
S-C-P14-H2       117.00      28.00 6.46   76.000 0.46052632     3.0      14.000000
S-C-P14-H3       184.20      14.00 6.31   76.000 0.15490153     3.0      10.666667
S-C-P15-H1       250.80      11.00 6.37   86.000 0.15909091     2.5      26.000000
S-C-P15-H2       232.30       8.00 6.27   86.000 0.10800802     2.5      21.000000
S-C-P15-H3       243.00      21.00 6.57   86.000 0.09025271     1.5      10.666667
S-C-P16-H1       139.10       8.00 6.50   76.000 0.00000000     1.0      40.000000
S-C-P16-H2       162.20       5.00 6.30   76.000 0.00000000     1.0      41.000000
S-C-P16-H3       156.40      12.00 6.80   76.000 0.00000000     1.0      42.000000
S-C-P17-H1       127.90      13.50 6.60   49.000 0.08382230     1.5      98.666667
S-C-P17-H2       129.40      14.60 6.51   49.000 0.10461345     1.0      70.000000
S-C-P17-H3       130.60      11.90 6.52   49.000 0.11499540     1.0      60.333333
S-C-P18-H1       130.70      11.70 6.84   47.000 0.11167513     1.0      63.333333
S-C-P18-H2       136.60       9.32 6.70   47.000 0.18211619     1.0      65.000000
S-C-P18-H3       134.00      12.50 6.60   47.000 0.17029973     1.0      63.333333
S-C-P19-H1       139.70      11.10 6.70   54.000 0.33025099     2.0      34.666667
S-C-P19-H2       134.00       4.27 6.54   54.000 0.33692722     2.0      47.333333
S-C-P19-H3       123.70       8.87 6.64   54.000 0.42408821     2.0      36.000000
S-C-P20-H1       138.70      14.20 6.71   49.000 0.11481056     1.5      86.000000
S-C-P20-H2       125.60       9.01 6.89   49.000 0.12708095     1.5      81.666667
S-C-P20-H3       138.70      13.80 6.68   49.000 0.16534392     1.5     110.000000
C-B-P05-H1       128.80       2.00 4.81  107.070 0.16034206     1.5       9.000000
C-B-P05-H2       137.90       3.00 4.87  107.070 0.03954653     1.5      13.000000
C-B-P05-H3       119.20       3.00 4.72  107.070 0.16134237     2.0      14.000000
C-B-P06-H1       142.80       4.00 4.58  112.840 0.07526720     3.0      25.000000
C-B-P06-H2       148.10       4.00 4.55  112.840 0.09462976     3.0      31.666667
           m.Depth_mar_cm s.Mud s.Sand s.Gravel_f s.Rocks h.Macrophytes h.Grass h.Subm_veg
S-B-P05-H1             16   100      0          0       0           5.0     0.0          5
S-B-P05-H2             16   100      0          0       0           5.0     0.0          5
S-B-P05-H3             16   100      0          0       0           5.0     0.0          5
S-B-P06-H1             30   100      0          0       0          30.0     5.0          5
S-B-P06-H2             30   100      0          0       0          30.0     5.0         15
S-B-P06-H3             30   100      0          0       0           0.0     5.0          5
S-B-P07-H1             42    90     10          0       0           0.0     5.0          0
S-B-P07-H2             29    90     10          0       0           0.0     0.0          0
S-B-P07-H3             15    90     10          0       0           0.0     1.0         10
S-B-P08-H1             49    80     20          0       0          60.0    50.0          0
S-B-P08-H2             87    80     20          0       0          25.0    20.0          5
S-B-P08-H3             22    80     20          0       0          22.5    47.5          5
S-B-P09-H1             20    80     20          0       0           0.0     0.0         10
S-B-P09-H2             20    60     40          0       0           0.0     0.0         20
S-B-P09-H3             20    70     30          0       0           0.0     0.0         20
S-B-P10-H1             52    20     80          0       0           5.0    10.0          5
S-B-P10-H2             38    20     80          0       0           0.0     1.0         10
S-B-P10-H3             46    50     50          0       0           0.0    30.0          0
S-C-P12-H1              6    90     10          0       0           0.0     0.0          0
S-C-P12-H2              9    90     10          0       0           0.0     0.0          0
S-C-P12-H3             15    90     10          0       0           0.0     0.0          0
S-C-P13-H1             11    10     90          0       0           0.0     0.0          5
S-C-P13-H2             14    10     90          0       0           5.0     0.0          0
S-C-P13-H3             38    80     20          0       0           0.0     0.0          0
S-C-P14-H1             13     5     95          0       0           0.0     0.0          0
S-C-P14-H2             11     5     95          0       0           0.0     0.0          0
S-C-P14-H3             10     5     90          5       0           0.0     0.0          0
S-C-P15-H1             14    10     90          0       0           0.0     0.0          0
S-C-P15-H2             19    10     90          0       0           0.0     0.0          0
S-C-P15-H3             23    10     80         10       0           0.0     0.0          0
S-C-P16-H1             18   100      0          0       0          25.0    50.0         20
S-C-P16-H2             27   100      0          0       0          50.0    50.0         20
S-C-P16-H3             33   100      0          0       0          50.0    40.0         20
S-C-P17-H1            100    95      5          0       0           0.0     5.0         15
S-C-P17-H2             74   100      0          0       0           0.0     5.0          5
S-C-P17-H3              5    90      0          0      10           0.0     5.0          5
S-C-P18-H1             50   100      0          0       0          15.0     5.0         15
S-C-P18-H2             40     5     85         10       0           0.0     0.0          5
S-C-P18-H3             39     5     95          0       0           0.0     0.0          0
S-C-P19-H1             28     0    100          0       0           0.0     0.0          5
S-C-P19-H2             41     0    100          0       0           0.0     0.0          0
S-C-P19-H3             40     0    100          0       0           0.0     0.0          0
S-C-P20-H1             94   100      0          0       0           0.0     0.0         10
S-C-P20-H2             55   100      0          0       0           0.0     0.0         10
S-C-P20-H3             33   100      0          0       0           0.0     0.0         25
C-B-P05-H1              3   100      0          0       0           5.0     5.0         15
C-B-P05-H2              8   100      0          0       0          10.0     5.0          5
C-B-P05-H3             12   100      0          0       0           5.0    10.0         10
C-B-P06-H1              9   100      0          0       0           0.0    10.0         10
C-B-P06-H2             23   100      0          0       0           0.0    10.0         10
           h.Overh_veg h.Leaf_l h.Root_masses h.Algae h.Debris
S-B-P05-H1          90       10             0       5       30
S-B-P05-H2          90       10             0       5       30
S-B-P05-H3          90       10             0       5       30
S-B-P06-H1          80        5             5       0        5
S-B-P06-H2          85        1            15       1        6
S-B-P06-H3          80        5             5       0        5
S-B-P07-H1          90       30            15       2       15
S-B-P07-H2          85        5            10      21       11
S-B-P07-H3          80       25             5      10        5
S-B-P08-H1          30       30             0      15       30
S-B-P08-H2          30       20             0      20       35
S-B-P08-H3          30       30             0      15       30
S-B-P09-H1          80       30            50       0        1
S-B-P09-H2          70        1            90       0       10
S-B-P09-H3          60       10            90       0       40
S-B-P10-H1           5       10             0       0       15
S-B-P10-H2          20        5            10       0       20
S-B-P10-H3           0        1             0       0       10
S-C-P12-H1          90        5             5       0        8
S-C-P12-H2          85       15             5       0       20
S-C-P12-H3          90       10             0       5       15
S-C-P13-H1          80        5            10       0       15
S-C-P13-H2          30       10             5       0       10
S-C-P13-H3          40       10            15       0       40
S-C-P14-H1          60        5            20       0       25
S-C-P14-H2          50        5            15       0       30
S-C-P14-H3          60        5            10       0       30
S-C-P15-H1          40       10             5       0       20
S-C-P15-H2          40        5             0       0       10
S-C-P15-H3          40        5            10       0       40
S-C-P16-H1           5        5             5       0       10
S-C-P16-H2           0        0             0       0        0
S-C-P16-H3           0        0             0       0        0
S-C-P17-H1          10        5            15       0       45
S-C-P17-H2          30        5             5       0       45
S-C-P17-H3          15        5             5       0        0
S-C-P18-H1           0        5             0       0        0
S-C-P18-H2          30        5            15       0       35
S-C-P18-H3          50        0            10       0       25
S-C-P19-H1          60        5             5       0        5
S-C-P19-H2          60        5            15       0        5
S-C-P19-H3          60        5             5       0       15
S-C-P20-H1          50       15            10       0       25
S-C-P20-H2          50       15            10       0       25
S-C-P20-H3          70       15            10       0       25
C-B-P05-H1          50        5            10       0       45
C-B-P05-H2          40        5             5       0       20
C-B-P05-H3          50        5            15       0       30
C-B-P06-H1          50       25            15       0       20
C-B-P06-H2          50       25            15       0       20
 [ reached 'max' / getOption("max.print") -- omitted 40 rows ]
