"Dim.1" "Dim.2" "Dim.3" "Dim.4" "Dim.5"
"Mud" 1.70885797043069 2.47920397022468 1.86001646469009 0.67668477541324 -0.127256023046
"Sand" -1.98546415865709 -2.29761156446594 -1.86679824126519 -0.442218993275929 0.348136381582006
"Macrophytes" 2.3 1.4 -1.25387385953346 -0.0854093482505592 -0.586415680281194
"Grass" 3.4 1.07755343384438 -0.570830945231655 -0.825503535225491 -0.328092500173288
"Submerged veg" 3.4 0.5 2.02395413042813 0.12101091487695 -0.252663137632698
"Overhanging veg" -4.5 1.1 0.5625869296427 1.19072890789599 -0.174283270874998
"Leaf litter" -1.8 2.2 -0.615129218073391 1.8832955535464 0.060128902075352
"Root masses" -3 -0.3 1.44243065408298 1.05998254960426 -0.645272720072587
"Algae" 1 2 -1.48462816567136 1.38857050713569 0.450399659995269
"Debris" -1.4 1.5 0.876127676185407 1.51499449044967 2.14012345268457
"Turbidity" -0.176473487818096 -1.2 2.14637711936633 -0.887285394804009 1.58334832088306
"pH" 0.557261144475776 -2.32573873245879 -0.753857941661124 0.698467879486904 0.0929984626866293
"Water velocity" -2.70822455543484 -1.6 1.58657742464398 -0.010386252566861 -0.650013248340303
"Elevation" -1.6 3.2350921601819 -0.731655082071742 -0.413278978281784 -0.341478968546626
"Slope" -2.7 0.2 0.0382492645490479 0.462079170344824 -1.84689138226885
"Depth max" 3.5 -1.58436066992997 0.510259912368735 0.809127595634968 -0.606509994301823
"Depth avg" 1.98192352993171 -1.92011437098406 0.318820601340041 2.3987997510641 -0.583271397137509
"Depth mar" 2.4 -1.3 -0.855278180567499 2.91091940297281 0.140734306840755
"Width" 3.3 -0.104983711633778 0.77607406689497 -0.58241982663659 0.87295506990027
