"Dim.1" "Dim.2" "Dim.3" "Dim.4" "Dim.5"
"S-B-P05-H1" -0.195210681097447 2.89630026934413 -0.623763462647587 0.182425812865377 0.784921687169623
"S-B-P05-H2" 0.0637053628360526 2.39551290280995 -1.13648817182236 0.193857276213663 1.19579615661469
"S-B-P05-H3" 0.0734963487920089 2.597208508206 -0.934370698663425 0.271929796429205 1.04511197255685
"S-B-P06-H1" 0.686646183647246 1.84077294403228 -1.12469532815624 0.00889307851392824 -1.48426808793976
"S-B-P06-H2" 0.873129057481095 1.52209975534394 -0.816009799903478 0.288562413484567 -1.53837983810558
"S-B-P06-H3" -0.198029566803174 1.48915310893324 0.242446942228986 0.0181851314906601 -0.896379653742122
"S-B-P07-H1" -1.24494632214859 2.2249595524632 -0.523243244693165 1.72291434120377 -0.452884073904425
"S-B-P07-H2" -1.11902824759053 1.58027696496833 -1.38877747723048 1.00977152322925 0.230636443531616
"S-B-P07-H3" -0.940622221408524 2.93418210447182 -0.262219592881907 0.716475376439926 -0.933342129269417
"S-B-P08-H1" 2.80941812185868 2.80053035476077 -3.48470049139036 2.13576201558419 0.00287589651589425
"S-B-P08-H2" 2.62817846194728 2.22557274606396 -2.76254410899874 3.01006286043866 0.412794148078743
"S-B-P08-H3" 1.35674385631866 2.97203066448441 -2.18249183609612 1.01840649358091 -0.0508892271106153
"S-B-P09-H1" -2.47618675308777 0.410927386562477 0.497780940516691 0.788740850976509 -1.67773270891289
"S-B-P09-H2" -2.35633138130726 -0.570391355264545 1.38329282818038 0.0906818917269695 -1.28356275686713
"S-B-P09-H3" -2.45895727660165 0.131277972811628 1.68318699695101 1.15071792703806 -0.148604446067967
"S-B-P10-H1" 2.09334215891774 -1.89419023216664 -1.51722606597834 0.338798519372197 0.838860567574276
"S-B-P10-H2" 0.60441797732917 -2.01463420733731 -0.105038679650221 0.454756052949678 0.740497514489669
"S-B-P10-H3" 2.72023948261749 -2.07040726464712 -1.16270381275065 -0.873612750131424 1.16341379481691
"S-C-P12-H1" -2.11495100535209 1.04836955197775 0.0188271349647567 -1.48839995797105 0.25254167837119
"S-C-P12-H2" -2.01799979676402 1.82879524203153 -0.404756856698509 -0.470925576863284 0.254719332723495
"S-C-P12-H3" -1.16090946814121 1.57037142459897 -0.706566464279162 -0.00583486273607692 0.513547083889392
"S-C-P13-H1" -2.14283044766406 -0.0252906611898501 0.0326338091587646 -1.03698896132945 0.420527349109695
"S-C-P13-H2" -2.01388764908974 0.149457363524438 -1.29488176664471 -1.19851954316444 -0.246521232001543
"S-C-P13-H3" -0.940577181170157 0.720649033416482 -0.223987107312284 1.36817364614221 0.221090600849907
"S-C-P14-H1" -2.70464626806182 -0.253173233462768 -1.06837851767493 -0.434237374925834 -0.38525392596634
"S-C-P14-H2" -3.27265543411916 -0.978881659280228 0.178585229783896 -0.740338490592618 0.119658376105372
"S-C-P14-H3" -3.26915966902766 -0.75667204331932 -2.08364973195911 -0.893084612709814 2.13377332211021
"S-C-P15-H1" -2.18189515837968 -0.493466029023005 -2.51382598586205 -0.455588400476236 -0.28560988519803
"S-C-P15-H2" -1.7891136820417 -0.54043927560595 -2.89893818151258 -1.04233979394836 -0.41405585169867
"S-C-P15-H3" -2.59255804978311 -0.794625774181565 -3.19753507638299 -0.651971773723742 4.26488753285429
"S-C-P16-H1" 5.02558626818049 0.68617125248105 0.06408371139356 -0.382770118277654 -0.45666091024321
"S-C-P16-H2" 6.20372953961791 0.0524574465644654 -1.13895120827099 -1.50881287023889 -1.42041774754733
"S-C-P16-H3" 6.60108293959689 -0.378343142817413 -0.795623787151301 -1.39693458180706 -0.939064263292025
"S-C-P17-H1" 2.49197950321608 -1.73964644095786 1.2191127573787 3.45488920163368 0.443540568305623
"S-C-P17-H2" 1.87399962328683 -1.04092033144792 0.946004089529766 2.53313289511873 0.929634108753901
"S-C-P17-H3" 2.27006783298657 -1.39672599124193 1.35855909187059 -1.74100971960433 -3.41319571933901
"S-C-P18-H1" 4.29994546728843 -1.3704583862267 0.0496272821394422 0.189227309638177 -0.565695486175043
"S-C-P18-H2" 0.180662335465436 -3.16279460220159 -0.862430223488063 1.5400419496608 4.07190270837134
"S-C-P18-H3" 0.149513173548455 -3.23783017735032 -0.315106408297636 0.796674339938473 0.708917432172778
"S-C-P19-H1" -1.33724665728446 -2.33787083131352 -0.692657645273156 -0.00927740686414077 -0.526034200375732
"S-C-P19-H2" -1.38509404057416 -2.75231094642007 -1.0178236064528 0.893623486980163 -0.878597973376147
"S-C-P19-H3" -1.63164427388409 -2.51601883068226 -0.785546055772611 0.611659419458605 -0.114423442115762
"S-C-P20-H1" 1.19632717104521 -1.16912568611395 0.897878114306093 3.7212823311629 0.0793701885371638
"S-C-P20-H2" 1.15014555673305 -1.09234123258921 1.18996076933144 3.19476674051944 -0.17788545711064
"S-C-P20-H3" 1.42011207744884 -1.01312700231977 1.90237893762809 3.00578683948675 -0.225129280411018
"C-B-P05-H1" -0.451020544871254 3.30494038319232 1.23817522317203 -1.44213877504288 0.342809917067315
"C-B-P05-H2" 0.145584092271407 2.99246756693559 -0.00339540505647189 -1.41773485566626 -0.112418000693876
"C-B-P05-H3" -0.0454196586348364 2.92732388605452 1.26096446722441 -0.970627029547242 -0.072280569094545
"C-B-P06-H1" -0.652258337602887 3.14414337279178 0.754273806712167 0.084253258667114 -1.03144778076513
"C-B-P06-H2" -0.232773707410406 2.84391243264346 0.687151547840677 0.700120062048574 -0.929890068621951
"C-B-P06-H3" -1.42775764517308 2.62402473412643 0.539658397481333 -0.859924854735199 -1.10632791499369
"C-B-P07-H1" -0.878241098548034 2.19223929100213 1.05072713018114 -0.252812316352499 -0.669527658628651
"C-B-P07-H2" -1.60047556350411 2.28231943752101 0.955145681034262 -0.393911412043188 -0.855983712433088
"C-B-P07-H3" -0.820598483546572 1.9843619916658 1.29425460223064 0.721515671697641 -1.12287013599318
"C-B-P08-H1" 2.95437221783435 2.39764235941529 -0.760133624713446 2.04804101934572 0.711107617056796
"C-B-P08-H2" 2.97978525599233 2.27857637911393 -0.659221173179665 2.08696947126121 0.764093456774673
"C-B-P08-H3" -0.148252502829484 1.11949974203921 -1.92846654862591 -0.325325879807682 0.116007473219934
"C-B-P09-H1" -1.62699238034188 -0.200355818602318 0.0530581058187898 -0.272277934129433 0.00492674953377051
"C-B-P09-H2" -1.80678957686215 -0.65151947225498 0.156863694981164 -0.824691450848143 0.128809241455021
"C-B-P09-H3" -1.70473746451689 -0.856264236046087 -0.668773688737654 -0.0495088636638082 0.46512707747749
"C-B-P10-H1" 1.15658880231143 -0.572055900420537 -0.347888029402178 -0.974701906769979 0.711641085609942
"C-B-P10-H2" 2.49392272636411 -2.15516494913312 -0.589732985573568 -2.76393606056194 0.116332756347376
"C-B-P10-H3" 3.5727465292174 -0.132535619277736 -0.947743550982949 -2.32533801834245 -0.126150895509719
"C-C-P12-H1" -1.71268975632049 -0.00424609496589278 4.29544555204428 -1.68641809245211 2.9564814998347
"C-C-P12-H2" -1.65739500043658 0.753998815153461 2.304950985621 -0.993200877131549 1.32103923709231
"C-C-P12-H3" -2.08169439778449 0.389272746234649 1.86213744199235 -0.160570207041935 0.656285464600562
"C-C-P13-H1" -1.35367430515646 0.725597765190421 2.27908891458114 0.322302173219303 -0.377844621105253
"C-C-P13-H2" -0.955857044624955 0.302058989504157 2.62487823344851 0.934547717166485 0.162616314690214
"C-C-P13-H3" -0.802864451917415 0.726216942416507 2.29057629668495 0.171121779260425 0.235178718886739
"C-C-P14-H1" -2.73736730108432 -1.22967572984282 -0.181872450926312 -0.694192240035177 -0.521990030032354
"C-C-P14-H2" -2.37846207997804 -1.01325966698139 0.276936120108731 -1.2890815558969 -0.244376223079774
"C-C-P14-H3" -1.33909161373251 -0.80815222478324 2.19999789936324 0.211805703212918 0.319362695804472
"C-C-P15-H1" -3.22771232428815 -0.219826157739345 -2.00310022110649 -1.03436431329586 -0.849269673512613
"C-C-P15-H2" -2.27816980140349 -0.746930170828943 -1.70410931896677 -1.35581802772126 -0.750806423114526
"C-C-P15-H3" -3.16910369648313 -0.0189812552238787 -1.71129155724107 -0.955551115467651 -0.0889536753742677
"C-C-P16-H1" 3.0903049744134 -1.91593021188682 -2.26154778991258 -2.60014119133735 0.512003147021887
"C-C-P16-H2" 4.39834412807402 0.30799934773601 0.587994163796542 -2.35994534955057 0.859041706154105
"C-C-P16-H3" 4.64107631512386 0.174847874209771 0.387900247125438 -2.0225970583899 0.133159278311697
"C-C-P17-H1" 0.432508234407298 -0.923764578549204 2.8504297927035 -0.554194855429515 0.577573169682362
"C-C-P17-H2" 0.134728642985854 -1.20461427676404 2.81426943109687 -0.605084208901457 -0.23211545996572
"C-C-P17-H3" 0.919904676346139 -1.78108164463841 2.80767087655215 -0.392872837275637 -1.39052949395951
"C-C-P18-H1" 4.52481521548685 -1.48154872538293 1.42176857903262 -1.82135410692201 0.071487270895694
"C-C-P18-H2" 2.43471018092076 -0.120372552849466 2.5996421059581 0.130866670234731 1.80806795705119
"C-C-P18-H3" 1.40208883396602 0.678348938903269 2.81769265283408 -0.930498019426274 2.40692684555089
"C-C-P19-H1" -1.58769402031077 -2.70546962156294 -0.867352501791923 0.0806653117222922 -1.66390669429715
"C-C-P19-H2" -0.743871573558265 -3.95401922782239 -0.689260387150433 0.445729241325717 -1.57687844598227
"C-C-P19-H3" -1.06984557609847 -3.43784217343328 -0.780739092240158 1.17398443408049 -1.62768194887777
"C-C-P20-H1" 0.110374630589062 -3.37951500086244 -0.0458045393462217 0.929978302126266 -0.547305821091003
"C-C-P20-H2" -1.0154209787363 -3.18999503990348 -0.797337104811922 1.37909583226435 -0.899064201458115
"C-C-P20-H3" -1.11361183932653 -1.92406385878381 0.896690778679133 0.528264040239665 -0.896889398267274
