"Dim.1" "Dim.2" "Dim.3" "Dim.4" "Dim.5"
"Mud" 1.79430086895221 2.6031641687359 0.465004116172614 0.169171193925692 -0.0318157247078985
"Sand" -2.08473736658995 -2.41249214268924 -0.466699560315928 -0.110554748315964 0.0870346606527427
"Macrophytes" 2.29136211432325 1.28270101547022 -0.313468464883296 -0.0213523371288212 -0.146601846856544
"Grass" 3.26701048341421 1.13143110553661 -0.142707736308372 -0.206375883890963 -0.0820215213881354
"Overh_veg" -5 1.08061890686487 0.140646732410659 0.297682226980507 -0.0435710020215134
"Leaf_l" -1.0940175564902 2.3080680318784 -0.153782304518879 0.470823888331633 0.0150329352717604
"Root_masses" -2.26976855268953 -0.254511862689732 0.360607663520978 0.264995637483213 -0.161320138226857
"pH" 0.585124201699571 -2.44202566908173 -0.188464485415237 0.174616969912787 0.0232485729544157
"Vel_m.s" -2.84363578320659 -1.66812547659781 0.396644356161156 -0.00259656313375789 -0.162503023199346
"Elev_m" -1.13848857516498 3.39684676819101 -0.182913770518269 -0.10331974461175 -0.0853690987105766
"Slope" -2.47014084555046 -0.0235972145916128 0.00956231613694943 0.115519792516185 -0.46172139304871
"Depth_max_cm" 3.02581791662693 -1.66357870342647 0.127564978091986 0.202281898814147 -0.151625270015134
"Width_m" 3.14454526987495 -0.110232897215468 0.19401851672374 -0.14560495656424 0.218236280675101
